1 0.112013 0.237374 0.159091 0.135642
1 0.062094 0.445887 0.124188 0.122655
1 0.013393 0.059524 0.026786 0.119048
1 0.616883 0.079365 0.136364 0.125541
1 0.408279 0.264069 0.142857 0.125541
1 0.051542 0.663781 0.103084 0.116883
1 0.356331 0.670996 0.160714 0.128427
1 0.429383 0.453102 0.139610 0.122655
1 0.676948 0.266955 0.137987 0.125541
1 0.719156 0.451659 0.178571 0.160173
0 0.673701 0.665945 0.149351 0.124098
0 0.911932 0.743146 0.161526 0.171717
2 0.934659 0.280664 0.130682 0.121212
2 0.983766 0.120491 0.032468 0.109668